10 0.09259015561553702 0.1065649589909936 0.18518031123107404 0.2131299179819872
10 0.04129261238869473 0.04504241865337488 0.08258522477738946 0.09008483730674977
10 0.03851102342386543 0.039287890932735305 0.07702204684773085 0.07857578186547061
10 0.04629629629629763 0.045438802439023554 0.09259259259259527 0.09087760487804711
10 0.044606333872828745 0.04747347356816356 0.08921266774565749 0.09494694713632712
10 0.04132994882080535 0.047589688780050106 0.0826598976416107 0.09517937756010021
10 0.04227804224602722 0.04478194100677617 0.08455608449205444 0.08956388201355234
10 0.04814310040195986 0.05259416416397811 0.09628620080391972 0.10518832832795622
10 0.04361312121465286 0.045069991482349206 0.08722624242930573 0.09013998296469841
10 0.033604639687994944 0.04220455369645873 0.06720927937598989 0.08440910739291746
