15 0.0565020129039482 0.1051620177411568 0.1130040258078964 0.2103240354823136
15 0.05559238344788249 0.09391404671199208 0.11118476689576498 0.18782809342398415
15 0.05218284021783486 0.10395642573882494 0.10436568043566972 0.20791285147764987
15 0.05656382203036491 0.09693467213167385 0.11312764406072982 0.1938693442633477
15 0.061973549964813184 0.11270657178115862 0.12394709992962637 0.22541314356231723
15 0.058035290491826194 0.09606895361229693 0.11607058098365239 0.19213790722459387
15 0.05808736600706595 0.10040512973347637 0.1161747320141319 0.20081025946695275
15 0.05903254720271529 0.10408365084004721 0.11806509440543057 0.20816730168009442
15 0.05681124453756714 0.10148157408047129 0.11362248907513428 0.20296314816094257
15 0.052591669708835345 0.1053974649949676 0.10518333941767069 0.2107949299899352
15 0.05834469646422715 0.103008042464859 0.1166893929284543 0.206016084929718
15 0.0550133472514152 0.10590008972111749 0.1100266945028304 0.21180017944223498
15 0.05850182318871412 0.10403898061862268 0.11700364637742824 0.20807796123724537
15 0.05587318991590842 0.10293012600924409 0.11174637983181684 0.20586025201848818
15 0.06889446047487291 0.13150138449673807 0.13778892094974582 0.26300276899347613
