10 0.11565114910835392 0.22961564849415403 0.23130229821670784 0.45923129698830806
10 0.09867081517506461 0.20238278089328218 0.19734163035012922 0.40476556178656437
10 0.039308427766796224 0.06119157852916617 0.07861685553359245 0.12238315705833235
10 0.04411484575074264 0.06748469056262468 0.08822969150148528 0.13496938112524937
10 0.05604284645701834 0.09868268206516953 0.11208569291403668 0.19736536413033906
10 0.028004247627383166 0.0413870920542868 0.05600849525476633 0.0827741841085736
10 0.022692520469104097 0.029848948960867445 0.04538504093820819 0.05969789792173489
10 0.0136500023696922 0.02710051540534399 0.0273000047393844 0.05420103081068798
10 0.06528653443339309 0.11067976903372444 0.13057306886678618 0.22135953806744887
10 0.04474862578080199 0.06887807640192756 0.08949725156160399 0.13775615280385511
