13 0.08935323692607505 0.10576547997692365 0.1787064738521501 0.2115309599538473
13 0.10106268211462867 0.1058028395197556 0.20212536422925734 0.2116056790395112
13 0.1135842319938707 0.11997487893673742 0.2271684639877414 0.23994975787347483
13 0.09252045325359108 0.093435610851465 0.18504090650718216 0.18687122170293
13 0.09208512994814716 0.10082923757539504 0.18417025989629432 0.20165847515079008
13 0.08861365023097882 0.09931543384217453 0.17722730046195764 0.19863086768434907
13 0.07521949159312905 0.07812509797687688 0.1504389831862581 0.15625019595375375
13 0.07318468818377694 0.07042788537522018 0.14636937636755387 0.14085577075044037
13 0.07660282902541533 0.07669163905973914 0.15320565805083067 0.15338327811947827
13 0.043646007672838064 0.04340207716673564 0.08729201534567613 0.08680415433347129
13 0.04773172124109935 0.046757656178476895 0.0954634424821987 0.09351531235695379
13 0.04776841666705132 0.10130236854113327 0.09553683333410264 0.20260473708226653
13 0.05897258273758568 0.05847063281016542 0.11794516547517137 0.11694126562033084
