11 0.1544748438380539 0.13713894590278652 0.3089496876761078 0.27427789180557305
11 0.03427696771937746 0.03296800657491632 0.06855393543875492 0.06593601314983263
11 0.030820381982126274 0.0337432266529576 0.06164076396425255 0.0674864533059152
11 0.028113360565654166 0.031789178877720085 0.05622672113130833 0.06357835775544017
11 0.03307637831871141 0.03405440877661312 0.06615275663742282 0.06810881755322624
11 0.030376373906118585 0.030007488814940315 0.06075274781223717 0.06001497762988063
11 0.03074565916399009 0.03539199999999874 0.06149131832798018 0.07078399999999747
11 0.032324199040665955 0.03668800503620572 0.06464839808133191 0.07337601007241144
11 0.033995297008129234 0.03315443353999096 0.06799059401625847 0.06630886707998192
11 0.0360807699322619 0.03320448145514433 0.0721615398645238 0.06640896291028867
11 0.029722984482999405 0.025898788121903004 0.05944596896599881 0.05179757624380601
